Techniques=SMAA,Vibrance,Colourfulness,HighPassSharp,AdaptiveSharpen,DPX
TechniqueSorting=SMAA,Vibrance,Colourfulness,HighPassSharp,BloomAndLensFlares,AdaptiveSharpen,DPX

[HighPassSharpen.fx]
HighPassSharpRadius=1
HighPassViewBlendIfMask=0
HighPassSharpOffset=1.000000
HighPassBlendMode=1
HighPassBlendIfLight=255
HighPassBlendIfDark=0
HighPassLightIntensity=1.000000
HighPassDarkIntensity=1.000000
HighPassSharpStrength=0.400000
HighPassViewSharpMask=0

[SMAA.fx]
EdgeDetectionType=1
EdgeDetectionThreshold=0.100000
MaxSearchSteps=98
MaxSearchStepsDiagonal=16
CornerRounding=0
DebugOutput=0

[Vibrance.fx]
Vibrance=0.230000
VibranceRGBBalance=0.800000,2.000000,1.000000

[Colourfulness.fx]
colourfulness=0.347000
lim_luma=0.731000
enable_dither=0
col_noise=1
backbuffer_bits=8.000000

[DPX.fx]
RGB_Curve=7.881000,8.356000,8.117000
Strength=0.316000
RGB_C=0.304000,0.358000,0.303000
Contrast=0.168000
Saturation=1.837000
Colorfulness=2.500000

[Bloom.fx]
bGodrayEnable=0
iBloomMixmode=2
fBloomSaturation=0.800000
bAnamFlareEnable=0
fBloomThreshold=0.973000
fLensdirtSaturation=2.000000
fBloomAmount=3.600000
fLensdirtIntensity=0.400000
fBloomTint=0.700000,0.800000,1.000000
fFlareLuminance=0.095000
bLensdirtEnable=1
iLensdirtMixmode=1
bLenzEnable=1
fLensdirtTint=1.000000,1.000000,1.000000
fAnamFlareThreshold=0.900000
fAnamFlareWideness=2.400000
fAnamFlareAmount=14.500000
fAnamFlareCurve=1.200000
fAnamFlareColor=0.012000,0.313000,0.588000
fLenzIntensity=1.000000
fLenzThreshold=0.908000
bChapFlareEnable=0
fChapFlareTreshold=0.900000
iChapFlareCount=15
fChapFlareDispersal=0.250000
fFlareIntensity=2.070000
fChapFlareSize=0.450000
fChapFlareCA=0.000000,0.010000,0.020000
fChapFlareIntensity=100.000000
fGodrayDecay=0.990000
fGodrayExposure=1.000000
fGodrayWeight=1.250000
fGodrayDensity=1.000000
fGodrayThreshold=0.900000
iGodraySamples=128
fFlareBlur=200.000000
fFlareTint=0.137000,0.216000,1.000000

[AdaptiveSharpen.fx]
D_compr_low=0.253000
L_compr_low=0.169000
curve_height=0.590000
curveslope=0.400000
D_overshoot=0.009000
L_overshoot=0.003000
D_compr_high=0.504000
L_compr_high=0.337000
scale_lim=0.100000
scale_cs=0.056000
pm_p=0.750000

